1.200584561722765490e+07
2.830494929330775980e+06
2.053130970122033730e+07
1.606504879504122538e+06
4.785906747284849407e+05
5.704539317530044354e+06
6.889033007055982016e+05
4.823770443307143869e+05
1.908068566928411601e+06
1.133462068269444717e+05
4.192102687964948360e+06
4.965382709652542253e+05
4.190420803165097721e+06
1.847928971520229476e+06
1.463762523649348004e+05
1.168196558903732803e+06
1.590004818562367000e+06
3.150764143598051742e+06
4.079009585153720109e+05
1.231257838701217552e+05
2.118277157610603608e+06
1.182152907365011051e+05
1.183703088016156107e+06
4.788014081218455918e+06
5.788617001204680419e+05
9.576810848401188850e+06
4.096309692278088769e+05
1.099380510333758779e+06
1.744568661989578744e+06
1.470696029130749870e+06
4.951315862249108613e+05
3.469373421522218734e+06
5.676407207731729373e+06
2.496735516298381239e+07
4.651446125555828912e+05
1.463094552285903692e+07
7.775676638894930948e+05
1.288887090490342351e+06
4.543009733983532642e+05
1.017566468906701542e+07
2.685055498549285810e+06
7.236513231516747735e+06
4.601246485520536662e+05
2.037182655315101729e+05
3.453332061073784716e+06
1.084938137680301256e+07
6.564038542102246545e+06
3.445289725296315737e+05
9.952735333566135960e+05
1.477845906083494890e+06
1.528007766877216753e+06
2.279313765861708380e+05
4.057342599102657288e+06
2.185310888213083090e+05
2.127795651943913195e+06
3.524045940514035174e+05
5.847311557014365681e+06
4.574928055130963214e+06
2.960168281518639531e+06
6.966238845247536665e+05
1.098499680777611211e+07
4.080318323173562065e+06
3.985934666335504036e+06
3.188363624042246374e+05
3.457693495326719712e+05
2.808369237449822016e+06
3.829640784922430175e+05
1.382959323820198514e+07
6.570480456258530030e+05
9.052726085202033864e+05
2.675639457619365421e+05
2.525555395921523450e+05
3.448951390150823281e+05
1.607039798645620467e+06
7.997974825080110459e+05
1.960474728841644479e+06
8.545165194393801503e+05
1.070541455636886321e+07
1.947893961406308459e+06
3.754347845619449858e+06
2.219933771967268083e+06
7.460557332659337670e+06
4.392693396004812792e+06
8.100177636034032330e+06
3.010077428133524954e+06
3.101385167489873711e+05
4.324639776311243186e+05
9.320836499825115316e+05
4.434402478381320252e+05
1.482647480787120992e+06
8.789245322442523902e+05
2.237642977141471114e+06
2.913724257957167923e+06
2.157746382316726667e+05
2.969325979539893451e+05
1.970038494191759382e+05
4.728311064112577587e+06
1.979846011970672756e+06
1.152727559787275735e+06
5.434416282863612287e+05
1.659753432905941270e+06
3.155542648293575621e+05
3.471858612577704480e+05
5.756356113894632086e+06
6.790667916919104755e+06
1.080301198619179428e+06
2.615198949433201924e+06
2.730460146696672309e+06
2.601521603543561650e+05
6.458520071675060317e+05
6.699152071781648323e+06
3.388975676038363017e+05
8.309686530109846033e+06
3.907801390964915510e+06
1.555876802885295358e+06
7.606742838921849616e+05
5.324717636565340217e+05
2.419849514165529516e+06
3.747728222435185220e+06
1.439005136628672481e+06
8.534287190143935382e+06
1.468144588553060545e+06
3.825306989202039782e+06
1.699943463969850854e+05
7.237631399961404968e+05
3.115849156276479829e+06
2.617123804298670439e+05
7.606645092467272654e+06
1.573996899356103968e+06
1.604263543152390281e+06
7.580255997117010411e+05
9.451404073353094980e+06
1.160385893494368345e+07
1.816885317069069715e+05
1.530178946091894759e+05
7.231581468787508784e+05
1.108078868796924502e+07
1.405841751903622062e+05
2.084337518680443463e+05
4.756774391010599793e+05
4.300647940483980812e+06
2.674047197916314006e+06
2.652995103755855234e+05
3.634445645257383585e+05
5.173926751132799312e+06
1.337264193919047248e+05
2.412962699081199244e+05
3.474357191207706928e+06
1.905336986146858253e+05
1.563311776014348725e+05
3.702053370300711831e+05
1.342875870415033714e+05
2.400667215060154849e+05
1.259835460510634119e+06
8.208863095066350885e+06
7.417695907126710517e+05
9.062369406862175092e+06
5.473495936023513786e+06
3.092569878719693981e+06
1.036051461756514944e+07
1.974530829006101703e+06
1.461151969552144594e+07
5.369488929187201895e+06
5.574036655008391244e+05
1.031426278780959314e+06
1.835701683300400525e+07
6.597102751756575890e+04
2.303240738566689193e+06
1.118844203153267968e+06
4.045275947815749329e+06
1.157172162689629942e+06
1.377357688568468438e+06
3.982190709448385518e+06
1.278444810461030807e+06
5.428697762222117744e+06
5.490477939965642057e+06
1.506844659619297460e+07
4.159003553202350158e+05
5.510619115617107600e+05
2.270521758689064533e+06
2.108893898741545156e+06
1.902275075868489803e+05
3.337348213390863966e+06
1.027653746690573520e+06
8.822448344533694908e+06
3.704021306127348216e+05
3.313903535298290849e+07
5.372123916818758007e+05
2.770031342923448235e+07
1.133264985697062919e+06
2.084594308051793370e+06
3.286840287045743316e+06
3.828772657805241761e+05
1.150778487555815605e+06
6.972011592128766933e+05
5.106762346960635623e+05
9.407975374650621787e+06
3.055263926759983297e+05
4.350206054466905072e+06
3.139225802339525544e+05
6.133335554496393306e+05
2.071520307813399658e+07
4.362343371153804474e+06
7.367813629582661088e+04
1.566938988368418254e+07
4.428572375030455878e+05
1.968849344789152965e+07
5.697201556359348819e+06
1.225726517187581630e+06
1.558663286128739081e+07
1.820915528521409491e+06
1.797498024021740304e+06
1.044013755789330462e+06
4.721953331283144071e+05
1.787436718500677962e+05
8.153491360558979213e+05
1.519399188278632425e+07
3.139876848184050992e+06
1.958661194244975923e+05
1.226555942543264013e+06
8.752572693723233417e+06
8.847916041010847315e+06
5.683176021649187896e+05
3.347761592106217286e+05
9.110219571316491812e+06
1.805911646461112541e+05
4.498473994870092720e+06
2.720202218328050803e+05
2.253370509153494611e+06
1.806647245854005218e+06
1.116439085028472327e+05
1.322664385697994730e+05
2.600047381910110358e+06
6.821601836709758267e+06
5.022171412203555927e+06
1.636271603325791843e+07
3.603826014648306882e+05
1.368027837866041576e+06
2.579570937362393888e+05
5.624220758066546405e+05
3.173087621826080140e+05
9.583204120139663573e+05
2.181307479772386141e+06
6.548314384120632894e+05
1.331369637989051826e+07
5.726395531610386446e+06
1.160333484943424538e+07
1.426001742123329313e+05
4.014759572553676553e+05
3.277771112069257069e+06
